18,3
19,3
6,4
17,3
16,3
31,3
31,2
31,1
31,0
30,3
30,2
30,1
30,0
23,3
23,1
23,0
22,3
22,1
22,0
21,3
21,1
21,0
20,3
20,1
20,0
19,1
19,0
18,1
18,0
17,1
17,0
16,1
16,0
15,3
15,1
15,0
14,3
14,1
14,0
13,3
13,1
13,0
12,3
12,1
12,0
11,3
11,1
11,0
10,3
10,1
10,0
9,3
9,1
9,0
8,3
8,1
8,0
7,3
7,1
7,0
6,3
6,1
6,0
5,3
5,1
5,0
4,3
4,1
4,0
3,6
3,5
3,4
3,3
3,2
3,1
3,0
2,3
2,2
2,1
2,0
1,3
1,2
1,1
1,0
0,408
0,243
0,9
0,310
0,305
0,308
0,304
0,303
0,302
0,307
0,12
0,10
0,8
0,0
0,413
0,300
0,414
0,299
0,412
0,298
0,411
0,297
0,410
0,296
0,409
0,295
0,407
0,294
0,406
0,293
0,292
0,405
0,291
0,404
0,290
0,403
0,289
0,402
0,288
